7738,7699,
7792,7790,
7841,7798,
8130,8038,7839,
8141,7966,
8182,8171,7786,
8185,7910,
8197,7764,
8227,7979,
8405,7970,7818,
8413,7840,
8548,8362,
8567,8223,
8568,8198,8010,8004,
8594,8514,8308,8214,
8604,8422,7441,
8671,8165,
8678,8453,
8751,8174,
8766,8608,8546,
8888,8809,8147,7930,
22,
7415,
7523,
7617,
7635,
7642,
7768,
7774,
7791,
7795,
7802,
7803,
7804,
7810,
7811,
7812,
7816,
7820,
7821,
7822,
7823,
7824,
7832,
7838,
7843,
7846,
7867,
7876,
7882,
7883,
7888,
7889,
7896,
7907,
7908,
7920,
7921,
7932,
7941,
7951,
7956,
7957,
7969,
7988,
7990,
7991,
7992,
7994,
7997,
7999,
8000,
8008,
8009,
8014,
8015,
8016,
8028,
8034,
8045,
8046,
8055,
8059,
8061,
8063,
8064,
8076,
8090,
8121,
8122,
8124,
8143,
8144,
8150,
8161,
8164,
8166,
8167,
8170,
8179,
8184,
8186,
8211,
8226,
8234,
8237,
8241,
8253,
8261,
8270,
8273,
8291,
8314,
8320,
8325,
8326,
8327,
8357,
8374,
8387,
8388,
8389,
8407,
8421,
8424,
8431,
8440,
8452,
8455,
8462,
8464,
8466,
8472,
8482,
8483,
8491,
8493,
8500,
8504,
8506,
8516,
8528,
8533,
8540,
8544,
8569,
8572,
8587,
8597,
8601,
8610,
8625,
8629,
8643,
8659,
8663,
8673,
8677,
8696,
8707,
8714,
8720,
8724,
8726,
8729,
8730,
8735,
8740,
8755,
8760,
8779,
8789,
8812,
8832,
8841,
8853,
8867,
8869,
8880,
8883,